30 2 070110  092310948 09283S04W59SF        35                          EF      10933 0701 6.0 00010
31547070110  0923 1003 0928 S03W59SFE                              KANZ2        10933 0701 6.0 00010
31403070110  0924 0933 0931 S04W59SFE       35                     LEAR3FE      10933 0701 6.0 00010
30 1 070110  0938 0944 0940 S05W60SFE       14                     LEAR3FU      10933 0701 5.9 00020
31403070110  0938 0944 0940 S05W60SFE       14                     LEAR3UF      10933 0701 5.9 00020
30 1 070110  0945 0954 0947 S05W59SFE       62                     LEAR3EF      10933 0701 6.0 00030
31403070110  0945 0954 0947 S05W59SFE       62                     LEAR3FE      10933 0701 6.0 00030
30 1 070110  0955 1009 1002 S05W59SFE       37                     LEAR3FU      10933 0701 6.0 00040
31403070110  0955 1009 1002 S05W59SFE       37                     LEAR3UF      10933 0701 6.0 00040
30 2 070110  100911016 10103S04W58SF        10                          EF      10933 0701 6.1 00050
31547070110  1009 1016 1010 S04W54SFE                              KANZ2        10933 0701 6.4 00050
31403070110  1010 1016 1013 S05W61SFE       10                     LEAR3FE      10933 0701 5.9 00050
30 1 070112  0130 0140 0131 S01W90SFE       94                     LEAR3EF      10933 0701 5.3 00060
31403070112  0130 0140 0131 S01W90SFE       94                     LEAR3FE      10933 0701 5.3 00060
30 2 070114  1002 1011 10042N02E58SF        23                                  10938 070118.7 00070
31403070114  1002 1011 1004 N04E60SFE       23                     LEAR1        10938 070118.9 00070
31547070114  1002 1011 1006 N01E56SFE                              KANZ2        10938 070118.6 00070
30 1 070114  2258 2304 2302 N04E53SFE       47                     LEAR3        10938 070118.9 00080
31403070114  2258 2304 2302 N04E53SFE       47                     LEAR3        10938 070118.9 00080
30 1 070114  2313 2317 2316 N04E531FE      120                     LEAR3E       10938 070118.9 00090
31403070114  2313 2317 2316 N04E531FE      120                     LEAR3E       10938 070118.9 00090
30 1 070114  2323 2325 2323 N04E531FE      224                     LEAR3        10938 070118.9 00100
31403070114  2323 2325 2323 N04E531FE      224                     LEAR3        10938 070118.9 00100
30 1 070114  2342 2350 2343 N02E492FE      300                     LEAR3        10938 070118.6 00110
31403070114  2342 2350 2343 N02E492FE      300                     LEAR3        10938 070118.6 00110
30 1 070114  2352 2359 2354 N02E491FE      226                     LEAR3        10938 070118.6 00120
31403070114  2352 2359 2354 N02E491FE      226                     LEAR3        10938 070118.6 00120
30 1 070115  0032 0047 0044 N02E492FE      383                     LEAR3        10938 070118.7 00130
31403070115  0032 0047 0044 N02E492FE      383                     LEAR3        10938 070118.7 00130
30 1 070115  0133 0200 0143 N03E502FE      477                     LEAR3        10938 070118.8 00140
31403070115  0133 0200 0143 N03E502FE      477                     LEAR3        10938 070118.8 00140
30 1 070115  0218 0332 0306 N03E50SFE       77                     LEAR3F       10938 070118.8 00150
31403070115  0218 0332 0306 N03E50SFE       77                     LEAR3F       10938 070118.8 00150
30 1 070115  0334 0342 0335 N02E49SFE       35                     LEAR3F       10938 070118.8 00160
31403070115  0334 0342 0335 N02E49SFE       35                     LEAR3F       10938 070118.8 00160
30 2 070115  0743 0818 0745 N03E46SF        44                          EF      10938 070118.7 00170
31403070115  0743 0816 0745 N04E48SFE       44                     LEAR3FE      10938 070118.9 00170
31547070115  0754E0819 0754EN02E45SFE                              KANZ2        10938 070118.7 00170
30 1 070115  1141 1225 1154 N02E40SFE                              KANZ2        10938 070118.5 00180
31547070115  1141 1225 1154 N02E40SFE                              KANZ2        10938 070118.5 00180
30 1 070116  0229 0301 0242 N03E351NE      138                     LEAR3EF      10938 070118.7 00190
31403070116  0229 0301 0242 N03E351NE      138                     LEAR3FE      10938 070118.7 00190
30 1 070116  0301 0317 0303 N04E38SFE       34                     LEAR3        10938 070119.0 00200
31403070116  0301 0317 0303 N04E38SFE       34                     LEAR3        10938 070119.0 00200
30 1 070116  0804 0818 0805 N03E32SFE       58                     LEAR3        10938 070118.7 00210
31403070116  0804 0818 0805 N03E32SFE       58                     LEAR3        10938 070118.7 00210
30 1 070116  1609 1619 1610 N04E30SFE       33                     HOLL3        10938 070118.9 00220
31649070116  1609 1619 1610 N04E30SFE       33                     HOLL3        10938 070118.9 00220
30 1 070121  0516 0521 0518 S04W20SFE       24                     LEAR3E       10939 070119.7 00230
31403070121  0516 0521 0518 S04W20SFE       24                     LEAR3E       10939 070119.7 00230
30 1 070121  1310 1317 1311 S05W24SFE       70                     SVTO3        10939 070119.7 00240
31526070121  1310 1317 1311 S05W24SFE       70                     SVTO3        10939 070119.7 00240
30 1 070124  0221 0224 0223 S04W59SFE       10                     LEAR3EF      10939 070119.7 00250
31403070124  0221 0224 0223 S04W59SFE       10                     LEAR3FE      10939 070119.7 00250
30 1 070124  0516 0519 0516 S06W63SFE       27                     LEAR3H       10939 070119.5 00260
31403070124  0516 0519 0516 S06W63SFE       27                     LEAR3H       10939 070119.5 00260
30 1 070129  1647 1717 1651 S05E40SFE       27                     HOLL3        10940 0702 1.7 00270
31649070129  1647 1717 1651 S05E40SFE       27                     HOLL3        10940 0702 1.7 00270
30 1 070129  2238E2331D2243 S03E36SNE       26                     LEAR3EF      10940 0702 1.6 00280
31403070129  2238E2331D2243 S03E36SNE       26                     LEAR3FE      10940 0702 1.6 00280
30 1 070130  0733 0745 0740 S05E31SFE       33                     LEAR3E       10940 0702 1.6 00290
31403070130  0733 0745 0740 S05E31SFE       33                     LEAR3E       10940 0702 1.6 00290
30 1 070201  0549 0553 0551 S03E06SFE       13                     LEAR3E       10940 0702 1.7 00010
31403070201  0549 0553 0551 S03E06SFE       13                     LEAR3E       10940 0702 1.7 00010
30 1 070219  0008 0014 0009 S12E16SFE       22                     LEAR3        10943 070220.2 00020
31403070219  0008 0014 0009 S12E16SFE       22                     LEAR3        10943 070220.2 00020
30 1 070331  0137 0153 0144 N06E33SFE       20                     LEAR3EF      10949 0704 2.5 00010
31403070331  0137 0153 0144 N06E33SFE       20                     LEAR3FE      10949 0704 2.5 00010
30 1 070427  0440 0450 0444 S13E60SFE       25                     LEAR3F       10953 0705 1.7 00010
31403070427  0440 0450 0444 S13E60SFE       25                     LEAR3F       10953 0705 1.7 00010
30 1 070430  1537 1546 1537 S16E14SFE       10                     HOLL3        10953 0705 1.7 00020
31649070430  1537 1546 1537 S16E14SFE       10                     HOLL3        10953 0705 1.7 00020
30 1 070502  2333 0009 2339 S14W171BE      182                     LEAR3EF      10953 0705 1.7 00010
31403070502  2333 0009 2339 S14W171BE      182                     LEAR3FE      10953 0705 1.7 00010
30 1 070503  0024 0026 0024 S16W16SFE       13                     LEAR3        10953 0705 1.8 00020
31403070503  0024 0026 0024 S16W16SFE       13                     LEAR3        10953 0705 1.8 00020
30 1 070505  1247E1255D1248US14W461FE      154                     SVTO2F       10953 0705 2.0 00030
31526070505  1247E1255D1248US14W461FE      154                     SVTO2F       10953 0705 2.0 00030
30 1 070512  0953U1002      S09W12SFP0955   40        16           KHAR2DO      10955 070511.5 00040
31827070512  0953U1002      S09W12SFP0955   40        16           KHAR2OD      10955 070511.5 00040
30 1 070515  1534 1543 1534 N00E50SFE       11                     HOLL3F       10956 070519.4 00050
31649070515  1534 1543 1534 N00E50SFE       11                     HOLL3F       10956 070519.4 00050
30 1 070516  1725 1819 1741 N00E35SFE       53                     HOLL3FH      10956 070519.3 00060
31649070516  1725 1819 1741 N00E35SFE       53                     HOLL3FH      10956 070519.3 00060
30 1 070519  1249 1334 1256 N01W05SFE                              KANZ2        10956 070519.2 00070
31547070519  1249 1334 1256 N01W05SFE                              KANZ2        10956 070519.2 00070
30 1 070521  0907 0925      N03W25SFP0909   75        18           KHAR2        10956 070519.5 00080
31827070521  0907 0925      N03W25SFP0909   75        18           KHAR2        10956 070519.5 00080
30 1 070522  2322 2332 2326 N02W47SFE       19                     HOLL3        10956 070519.5 00090
31649070522  2322 2332 2326 N02W47SFE       19                     HOLL3        10956 070519.5 00090
30 1 070601  1457 1503 1459 S08E78SFE       11                     HOLL3        10960 0706 7.5 00010
31649070601  1457 1503 1459 S08E78SFE       11                     HOLL3        10960 0706 7.5 00010
30 1 070601  2150 2154 2150 S09E82SFE       38                     HOLL3Z       10960 0706 8.1 00020
31649070601  2150 2154 2150 S09E82SFE       38                     HOLL3Z       10960 0706 8.1 00020
30 1 070602  0606 0625 0606 S09E77SFE       35                     LEAR3EF      10960 0706 8.0 00030
31403070602  0606 0625 0606 S09E77SFE       35                     LEAR3FE      10960 0706 8.0 00030
30 1 070602  1030E1046 1040US05E731NE                              KANZ2        10960 0706 7.9 00040
31547070602  1030E1046 1040US05E731NE                              KANZ2        10960 0706 7.9 00040
30 1 070603  0158 0222 0158 S10E68SBE       86                     LEAR3UZ      10960 0706 8.2 00050
31403070603  0158 0222 0158 S10E68SBE       86                     LEAR3ZU      10960 0706 8.2 00050
30 2 070603  0639 0710 0643 S06E621N        60                          FU      10960 0706 7.9 00060
31547070603  0639 0733 0643 S05E611NE                              KANZ2        10960 0706 7.8 00060
31403070603  0640E0647 0640US06E63SFE       60                     LEAR2UF      10960 0706 8.0 00060
30 1 070603  0926 0931 0929 S07E65SFE                              KANZ2        10960 0706 8.3 00070
31547070603  0926 0931 0929 S07E65SFE                              KANZ2        10960 0706 8.3 00070
30 1 070604  0358 0359 0359 S04E47SFE       19                     LEAR3EU      10960 0706 7.7 00080
31403070604  0358 0359 0359 S04E47SFE       19                     LEAR3UE      10960 0706 7.7 00080
30 1 070604  0434 0438 0436 S07E50SFE       30                     LEAR3EF      10960 0706 7.9 00090
31403070604  0434 0438 0436 S07E50SFE       30                     LEAR3FE      10960 0706 7.9 00090
30 1 070604  0443 0456 0445 S05E501FE      113                     LEAR3FH      10960 0706 7.9 00100
31403070604  0443 0456 0445 S05E501FE      113                     LEAR3FH      10960 0706 7.9 00100
30 1 070604  0459 0503 0459 S07E49SFE       39                     LEAR3        10960 0706 7.9 00110
31403070604  0459 0503 0459 S07E49SFE       39                     LEAR3        10960 0706 7.9 00110
30 1 070604  0505 0642 0514 S07E513BE      688                     LEAR3FU      10960 0706 8.0 00120
31403070604  0505 0642 0514 S07E513BE      688                     LEAR3UF      10960 0706 8.0 00120
30 1 070604  0646 0652 0647 S09E52SFE       36                     LEAR3H       10960 0706 8.2 00130
31403070604  0646 0652 0647 S09E52SFE       36                     LEAR3H       10960 0706 8.2 00130
30 1 070604  0653 0731 0711 S09E45SFE       81                     LEAR3H       10960 0706 7.7 00140
31403070604  0653 0731 0711 S09E45SFE       81                     LEAR3H       10960 0706 7.7 00140
30 1 070604  0732 0734 0732 S07E48SFE       50                     LEAR3        10960 0706 7.9 00150
31403070604  0732 0734 0732 S07E48SFE       50                     LEAR3        10960 0706 7.9 00150
30 1 070604  0739 0744 0739 S07E481FE      209                     LEAR3        10960 0706 7.9 00160
31403070604  0739 0744 0739 S07E481FE      209                     LEAR3        10960 0706 7.9 00160
30 1 070604  0745 0800 0747 S07E50SFE       55                     LEAR3        10960 0706 8.1 00170
31403070604  0745 0800 0747 S07E50SFE       55                     LEAR3        10960 0706 8.1 00170
30 2 070604  0827 0851 0830 S07E48SF        74                                  10960 0706 7.9 00180
31403070604  0827 0851 0830 S06E49SFE       74                     LEAR3        10960 0706 8.0 00180
31547070604  0843E0844U0843ES08E48SFE                              KANZ2        10960 0706 8.0 00180
30 1 070604  0920 0923 0921 S06E471FE      139                     LEAR3        10960 0706 7.9 00190
31403070604  0920 0923 0921 S06E471FE      139                     LEAR3        10960 0706 7.9 00190
30 1 070605  0401 0409 0406 S07E36SFE       74                     LEAR3        10960 0706 7.9 00200
31403070605  0401 0409 0406 S07E36SFE       74                     LEAR3        10960 0706 7.9 00200
30 1 070605  0416E0433D0419US07E33SFE       84                     LEAR3        10960 0706 7.6 00210
31403070605  0416E0433D0419US07E33SFE       84                     LEAR3        10960 0706 7.6 00210
30 1 070605  0501 0504 0502 S05E27SFE       38                     LEAR3FH      10960 0706 7.2 00220
31403070605  0501 0504 0502 S05E27SFE       38                     LEAR3FH      10960 0706 7.2 00220
30 1 070605  0506 0518 0506 S05E27SFE       31                     LEAR3H       10960 0706 7.2 00230
31403070605  0506 0518 0506 S05E27SFE       31                     LEAR3H       10960 0706 7.2 00230
30 1 070605  0519 0523 0520 S09E37SFE       23                     LEAR3        10960 0706 8.0 00240
31403070605  0519 0523 0520 S09E37SFE       23                     LEAR3        10960 0706 8.0 00240
30 1 070605  0524 0527 0525 S08E32SFE       22                     LEAR3        10960 0706 7.6 00250
31403070605  0524 0527 0525 S08E32SFE       22                     LEAR3        10960 0706 7.6 00250
30 1 070605  0902 0923 0915 S11E31SFE       79                     LEAR3FH      10960 0706 7.7 00260
31403070605  0902 0923 0915 S11E31SFE       79                     LEAR3FH      10960 0706 7.7 00260
30 1 070605  0923 0930 0927 S10E32SFE       59                     LEAR3        10960 0706 7.8 00270
31403070605  0923 0930 0927 S10E32SFE       59                     LEAR3        10960 0706 7.8 00270
30 1 070605  1556 1641 1612 S07E301FE      152                     HOLL3FU      10960 0706 7.9 00280
31649070605  1556 1641 1612 S07E301FE      152                     HOLL3UF      10960 0706 7.9 00280
30 1 070606  1719 1809 1722 S07E162FE      252                     HOLL3F       10960 0706 7.9 00290
31649070606  1719 1809 1722 S07E162FE      252                     HOLL3F       10960 0706 7.9 00290
30 1 070607  0347 0350 0348 S07E09SFE       14                     LEAR3        10960 0706 7.8 00300
31403070607  0347 0350 0348 S07E09SFE       14                     LEAR3        10960 0706 7.8 00300
30 1 070607  1713 1730 1721 S07E02SFE       55                     HOLL3F       10960 0706 7.9 00310
31649070607  1713 1730 1721 S07E02SFE       55                     HOLL3F       10960 0706 7.9 00310
30 1 070608  0457 0515 0501 S08W05SFE       66                     LEAR3EF      10960 0706 7.8 00320
31403070608  0457 0515 0501 S08W05SFE       66                     LEAR3FE      10960 0706 7.8 00320
30 2 070608  0842*0909 0905 S08W08SF        57                                  10960 0706 7.8 00330
31547070608  0842 0910 0902US08W08SFE                              KANZ2        10960 0706 7.8 00330
31403070608  0903 0908 0905 S07W07SFE       57                     LEAR3        10960 0706 7.8 00330
30 1 070608  1422 1456 1445 S06W12SFE       32                     HOLL3        10960 0706 7.7 00340
31649070608  1422 1456 1445 S06W12SFE       32                     HOLL3        10960 0706 7.7 00340
30 1 070609  1336 1407 1348 S10W232FE      537                     SVTO3FS      10960 0706 7.8 00350
31526070609  1336 1407 1348 S10W232FE      537                     SVTO3FS      10960 0706 7.8 00350
30 2 070610  110371116 11101S10W38SF        45                                  10960 0706 7.6 00360
31547070610  1103 1116 1111 S09W36SFE                              KANZ2        10960 0706 7.7 00360
31526070610  1110 1116 1110 S11W40SFE       45                     SVTO3        10960 0706 7.4 00360
30 1 070610  1836 1839 1836 S08W44SFE       17                     HOLL3F       10960 0706 7.5 00370
31649070610  1836 1839 1836 S08W44SFE       17                     HOLL3F       10960 0706 7.5 00370
30 1 070610  2351 2405 2355 S07W45SFE       16                     HOLL3F       10960 0706 7.6 00380
31649070610  2351 2405 2355 S07W45SFE       16                     HOLL3F       10960 0706 7.6 00380
30 1 070611  0357 0404 0359 S09W47SFE       37                     LEAR3F       10960 0706 7.6 00390
31403070611  0357 0404 0359 S09W47SFE       37                     LEAR3F       10960 0706 7.6 00390
30 1 070628  0702 0732 0708 S08E73SFE       28                     LEAR3        10962 0707 3.8 00400
31403070628  0702 0732 0708 S08E73SFE       28                     LEAR3        10962 0707 3.8 00400
30 1 070628  0803 0808 0804 S07E68SFE       17                     LEAR3        10962 0707 3.4 00410
31403070628  0803 0808 0804 S07E68SFE       17                     LEAR3        10962 0707 3.4 00410
30 1 070628  1713 1719 1715 S09E72SFE       13                     HOLL3E       10962 0707 4.1 00420
31649070628  1713 1719 1715 S09E72SFE       13                     HOLL3E       10962 0707 4.1 00420
30 1 070629  0231 0252 0238 S08E66SFE       28                     LEAR3        10962 0707 4.0 00430
31403070629  0231 0252 0238 S08E66SFE       28                     LEAR3        10962 0707 4.0 00430
30 1 070629  0450 0501 0455 S09E64SFE       23                     LEAR3        10962 0707 4.0 00440
31403070629  0450 0501 0455 S09E64SFE       23                     LEAR3        10962 0707 4.0 00440
30 1 070629  0754 0758 0754 S09E24SFE       12                     LEAR3        10961 0707 1.1 00450
31403070629  0754 0758 0754 S09E24SFE       12                     LEAR3        10961 0707 1.1 00450
30 2 070629  0807 0830 08167S08E62SF        83                                  10962 0707 4.0 00460
31547070629  0807 0824 0816 S07E61SFE                              KANZ2        10962 0707 3.9 00460
31403070629  0807 0837 0823 S08E63SFE       83                     LEAR3        10962 0707 4.1 00460
30 1 070629  1832 1839 1836 S09E57SFE       10                     HOLL3        10962 0707 4.0 00470
31649070629  1832 1839 1836 S09E57SFE       10                     HOLL3        10962 0707 4.0 00470
30 1 070701  0823 0834 0829 S07E36SFE                              KANZ2        10962 0707 4.0 00010
31547070701  0823 0834 0829 S07E36SFE                              KANZ2        10962 0707 4.0 00010
30 1 070703  0229 0237 0234 S11W19SFE       13                     LEAR3        10961 0707 1.7 00020
31403070703  0229 0237 0234 S11W19SFE       13                     LEAR3        10961 0707 1.7 00020
30 1 070708  0402 0443 0432 S08E77SFE       57                     LEAR3EF      10963 070713.9 00030
31403070708  0402 0443 0432 S08E77SFE       57                     LEAR3FE      10963 070713.9 00030
30 1 070708  0448 0455 0449 S08E77SFE       22                     LEAR3EF      10963 070714.0 00040
31403070708  0448 0455 0449 S08E77SFE       22                     LEAR3FE      10963 070714.0 00040
30 1 070708  0456 0509 0500 S07E79SFE       16                     LEAR3EF      10963 070714.1 00050
31403070708  0456 0509 0500 S07E79SFE       16                     LEAR3FE      10963 070714.1 00050
30 1 070708  0511 0603 0547 S07E77SFE       26                     LEAR3EF      10963 070714.0 00060
31403070708  0511 0603 0547 S07E77SFE       26                     LEAR3FE      10963 070714.0 00060
30 1 070708  0620 0626 0621 S06E75SFE       12                     LEAR3F       10963 070713.9 00070
31403070708  0620 0626 0621 S06E75SFE       12                     LEAR3F       10963 070713.9 00070
30 1 070708  1747 1752 1748 S07E71SFE       11                     HOLL3        10963 070714.0 00080
31649070708  1747 1752 1748 S07E71SFE       11                     HOLL3        10963 070714.0 00080
30 1 070708  1753 1807 1757 S07E71SFE       44                     HOLL3        10963 070714.1 00090
31649070708  1753 1807 1757 S07E71SFE       44                     HOLL3        10963 070714.1 00090
30 1 070708  1814 1827 1820 S08E74SFE       30                     HOLL3E       10963 070714.3 00100
31649070708  1814 1827 1820 S08E74SFE       30                     HOLL3E       10963 070714.3 00100
30 1 070708  1951 1956 1951 S07E70SFE       14                     HOLL3        10963 070714.1 00110
31649070708  1951 1956 1951 S07E70SFE       14                     HOLL3        10963 070714.1 00110
30 1 070708  2330 2342 2336 S07E68SFE       14                     HOLL3        10963 070714.1 00120
31649070708  2330 2342 2336 S07E68SFE       14                     HOLL3        10963 070714.1 00120
30 1 070709  0418 0455 0437 S07E62SNE       68                     LEAR3F       10963 070713.8 00130
31403070709  0418 0455 0437 S07E62SNE       68                     LEAR3F       10963 070713.8 00130
30 1 070709  0435 0441 0437 S04E74SFE       46                     SVTO3        10963 070714.7 00140
31526070709  0435 0441 0437 S04E74SFE       46                     SVTO3        10963 070714.7 00140
30 1 070709  0456 0629D0542 S07E62SFE       70                     LEAR3FH      10963 070713.8 00150
31403070709  0456 0629D0542 S07E62SFE       70                     LEAR3FH      10963 070713.8 00150
30 1 070709  0537 0541 0538 S04E71SFE       28                     SVTO3        10963 070714.5 00160
31526070709  0537 0541 0538 S04E71SFE       28                     SVTO3        10963 070714.5 00160
30 1 070709  1521 1528 1524 N00E63SFE       10                     SVTO3        10963 070714.3 00170
31526070709  1521 1528 1524 N00E63SFE       10                     SVTO3        10963 070714.3 00170
30 2 070709  1619 1626 1620 S04E59SF        28                          E       10963 070714.1 00180
31649070709  1619 1625 1620 S07E59SFE       24                     HOLL3E       10963 070714.1 00180
31526070709  1619 1627 1620 S01E59SFE       31                     SVTO3        10963 070714.1 00180
30 1 070709  1712 1723 1715 S02E59SFE       26                     SVTO3        10963 070714.1 00190
31526070709  1712 1723 1715 S02E59SFE       26                     SVTO3        10963 070714.1 00190
30 1 070709  1805 1809 1807 S07E58SFE       10                     HOLL3E       10963 070714.1 00200
31649070709  1805 1809 1807 S07E58SFE       10                     HOLL3E       10963 070714.1 00200
30 1 070709  1907 1921 1909 S07E56SFE       24                     HOLL3E       10963 070714.0 00210
31649070709  1907 1921 1909 S07E56SFE       24                     HOLL3E       10963 070714.0 00210
30 1 070709  1947 1952 1947 S07E57SFE       12                     HOLL3E       10963 070714.1 00220
31649070709  1947 1952 1947 S07E57SFE       12                     HOLL3E       10963 070714.1 00220
30 1 070709  2000 2009 2000 S07E57SFE       10                     HOLL3E       10963 070714.1 00230
31649070709  2000 2009 2000 S07E57SFE       10                     HOLL3E       10963 070714.1 00230
30 1 070709  2035 2044 2039 S07E54SFE       15                     HOLL3FH      10963 070713.9 00240
31649070709  2035 2044 2039 S07E54SFE       15                     HOLL3FH      10963 070713.9 00240
30 1 070709  2109 2125 2117 S07E54SFE       52                     HOLL3FH      10963 070713.9 00250
31649070709  2109 2125 2117 S07E54SFE       52                     HOLL3FH      10963 070713.9 00250
30 1 070710  0020 0043 0031 S07E541FE      112                     LEAR3        10963 070714.0 00260
31403070710  0020 0043 0031 S07E541FE      112                     LEAR3        10963 070714.0 00260
30 1 070710  0054 0237 0100 S06E521BE      188                     LEAR3E       10963 070713.9 00270
31403070710  0054 0237 0100 S06E521BE      188                     LEAR3E       10963 070713.9 00270
30 1 070710  0238 0249 0243 S07E53SFE       33                     LEAR3        10963 070714.1 00280
31403070710  0238 0249 0243 S07E53SFE       33                     LEAR3        10963 070714.1 00280
30 1 070710  0255 0307 0257 S07E53SFE       35                     LEAR3        10963 070714.1 00290
31403070710  0255 0307 0257 S07E53SFE       35                     LEAR3        10963 070714.1 00290
30 1 070710  0315 0323 0318 S07E53SFE       80                     LEAR3        10963 070714.1 00300
31403070710  0315 0323 0318 S07E53SFE       80                     LEAR3        10963 070714.1 00300
30 1 070710  0331 0616 0333 S07E531NE       87                     LEAR3F       10963 070714.1 00310
31403070710  0331 0616 0333 S07E531NE       87                     LEAR3F       10963 070714.1 00310
30 2 070710  062060638 0626 S06E50SF        42                                  10963 070714.0 00320
31403070710  0620 0648 0626 S07E51SFE       69                     LEAR3        10963 070714.1 00320
31526070710  0626 0629 0626 S04E50SFE       14                     SVTO3        10963 070714.0 00320
30 2 070710  0711 0755 07211S06E50SN        79                                  10963 070714.0 00330
31526070710  0711 0739 0721 S04E50SFE       54                     SVTO3        10963 070714.0 00330
31403070710  0711 0811 0722 S07E51SBE      104                     LEAR3        10963 070714.1 00330
30 1 070710  0740 0800 0742 S04E49SFE       28                     SVTO3        10963 070714.0 00340
31526070710  0740 0800 0742 S04E49SFE       28                     SVTO3        10963 070714.0 00340
30 1 070710  1004 1010 1004 S04E47SFE       12                     SVTO3        10963 070713.9 00350
31526070710  1004 1010 1004 S04E47SFE       12                     SVTO3        10963 070713.9 00350
30 1 070710  1046E1102      S06E49SFP1049   40        18           KHAR2DO      10963 070714.1 00360
31827070710  1046E1102      S06E49SFP1049   40        18           KHAR2OD      10963 070714.1 00360
30 1 070710  1114 1129 1117 S04E47SFE       11                     SVTO3        10963 070714.0 00370
31526070710  1114 1129 1117 S04E47SFE       11                     SVTO3        10963 070714.0 00370
30 2 070710  1238 1304 1240 S05E47SN        82                          EFO     10963 070714.0 00380
31526070710  1238 1258 1240 S04E47SFE       45                     SVTO3F       10963 070714.0 00380
31827070710  1250U1310      S06E47SNP1305  120                     KHAR2OE      10963 070714.0 00380
30 1 070710  1750 1811 1754 S07E45SFE       55                     HOLL3        10963 070714.1 00390
31649070710  1750 1811 1754 S07E45SFE       55                     HOLL3        10963 070714.1 00390
30 1 070710  2218 2229 2223 S06E41SFE       24                     HOLL3H       10963 070714.0 00400
31649070710  2218 2229 2223 S06E41SFE       24                     HOLL3H       10963 070714.0 00400
30 1 070710  2232 2239 2234 S06E41SFE       10                     HOLL3        10963 070714.0 00410
31649070710  2232 2239 2234 S06E41SFE       10                     HOLL3        10963 070714.0 00410
30 1 070710  2244 2249 2244 S06E41SFE       13                     HOLL3        10963 070714.0 00420
31649070710  2244 2249 2244 S06E41SFE       13                     HOLL3        10963 070714.0 00420
30 1 070710  2351 2419 2405 S07E531FE      124                     LEAR3F       10963 070715.0 00430
31403070710  2351 2419 2405 S07E531FE      124                     LEAR3F       10963 070715.0 00430
30 1 070711  0008 0017 0010 S07E39SFE       13                     LEAR3F       10963 070713.9 00440
31403070711  0008 0017 0010 S07E39SFE       13                     LEAR3F       10963 070713.9 00440
30 1 070715  0630 0636 0632 N05W45SFE       20                     LEAR3        10964 070711.9 00450
31403070715  0630 0636 0632 N05W45SFE       20                     LEAR3        10964 070711.9 00450
30 1 070716  0052 0131 0100 N05W55SFE       38                     LEAR3        10964 070711.9 00460
31403070716  0052 0131 0100 N05W55SFE       38                     LEAR3        10964 070711.9 00460
30 1 070718  0139 0149 0141 S02W631FE      114                     LEAR3        10963 070713.4 00470
31403070718  0139 0149 0141 S02W631FE      114                     LEAR3        10963 070713.4 00470
30 1 070718  0139 0149 0141 N05W781FE      114                     LEAR3        10964 070712.2 00480
31403070718  0139 0149 0141 N05W781FE      114                     LEAR3        10964 070712.2 00480
30 1 070718  0318 0331 0325 S04W60SFE       23                     LEAR3        10963 070713.6 00490
31403070718  0318 0331 0325 S04W60SFE       23                     LEAR3        10963 070713.6 00490
30 1 070718  1353 1357 1353 S03W64SFE       15                     HOLL3F       10963 070713.8 00500
31649070718  1353 1357 1353 S03W64SFE       15                     HOLL3F       10963 070713.8 00500
30 1 070728  0228 0232 0230 S11E35SFE       60                     LEAR3F       10965 070730.7 00510
31403070728  0228 0232 0230 S11E35SFE       60                     LEAR3F       10965 070730.7 00510
30 1 070728  0252 0300 0252 S12E35SFE       82                     LEAR3F       10965 070730.7 00520
31403070728  0252 0300 0252 S12E35SFE       82                     LEAR3F       10965 070730.7 00520
30 1 070728  0716 0739 0718 S15E25SFE       31                     LEAR3        10965 070730.2 00530
31403070728  0716 0739 0718 S15E25SFE       31                     LEAR3        10965 070730.2 00530
30 1 070806  0106 0217 0154 S07E44SNE       82                     LEAR3        10966 0708 9.3 00010
31403070806  0106 0217 0154 S07E44SNE       82                     LEAR3        10966 0708 9.3 00010
30 1 070806  0304 0331 0304 S08E451FE      141                     LEAR3        10966 0708 9.5 00020
31403070806  0304 0331 0304 S08E451FE      141                     LEAR3        10966 0708 9.5 00020
30 1 070806  0419 0441 0422 S08E44SFE       70                     LEAR3        10966 0708 9.5 00030
31403070806  0419 0441 0422 S08E44SFE       70                     LEAR3        10966 0708 9.5 00030
30 3 070806  090640926 09109S06E411N       142                          EF      10966 0708 9.4 00040
31403070806  0906 0930 0919 S08E412BE      264                     LEAR1EF      10966 0708 9.4 00040
31547070806  0909 0924 0916 S05E40SFE                              KANZ2        10966 0708 9.4 00040
31526070806  0910 0923 0910 S05E41SFE       20                     SVTO2F       10966 0708 9.4 00040
30 1 070806  1527 1554 1531 S08E38SFE       37                     HOLL3F       10966 0708 9.5 00050
31649070806  1527 1554 1531 S08E38SFE       37                     HOLL3F       10966 0708 9.5 00050
30 2 070824  0750 0808 07541S05E42SN        87                          FH      10969 070827.5 00060
31403070824  0750 0810 0754 S06E41SNE       87                     LEAR3FH      10969 070827.4 00060
31547070824  0750 0807 0755 S04E44SNE                              KANZ2        10969 070827.6 00060
30 2 070824  114941200 11531S04E43SF        12                          F       10969 070827.7 00070
31547070824  1149 1202 1154 S04E41SFE                              KANZ2        10969 070827.5 00070
31526070824  1153 1157 1153 S03E45SFE       12                     SVTO3F       10969 070827.8 00070
30 1 070824  2329 2334 2331 S04E36SFE       13                     LEAR3        10969 070827.7 00080
31403070824  2329 2334 2331 S04E36SFE       13                     LEAR3        10969 070827.7 00080
30 1 070831  0536 0539 0537 S07W49SFE       35                     LEAR3        10969 070827.6 00090
31403070831  0536 0539 0537 S07W49SFE       35                     LEAR3        10969 070827.6 00090
30 1 071113  0343 0349 0344 S07W69SFE       12                     LEAR3        10973A0711 8.0 00010
31403071113  0343 0349 0344 S07W69SFE       12                     LEAR3        10973A0711 8.0 00010
30 1 071117  0430 0436 0431 N12W12SFE       13                     LEAR3F       10974 071116.3 00020
31403071117  0430 0436 0431 N12W12SFE       13                     LEAR3F       10974 071116.3 00020
30 1 071201  2311 0205 2403 S06E65SFE       32                     LEAR3M       10977 0712 6.8 00010
31403071201  2311 0205 2403 S06E65SFE       32                     LEAR3M       10977 0712 6.8 00010
30 1 071202  0205 0210 0205 S06E64SFE       25                     LEAR3        10977 0712 6.9 00020
31403071202  0205 0210 0205 S06E64SFE       25                     LEAR3        10977 0712 6.9 00020
30 1 071202  0212 0225 0217 S06E65SFE       27                     LEAR3EH      10977 0712 6.9 00030
31403071202  0212 0225 0217 S06E65SFE       27                     LEAR3EH      10977 0712 6.9 00030
30 1 071202  0226 0231 0228 S06E64SFE       15                     LEAR3EH      10977 0712 6.9 00040
31403071202  0226 0231 0228 S06E64SFE       15                     LEAR3EH      10977 0712 6.9 00040
30 1 071202  0237 0243 0238 S06E64SFE       11                     LEAR3H       10977 0712 6.9 00050
31403071202  0237 0243 0238 S06E64SFE       11                     LEAR3H       10977 0712 6.9 00050
30 1 071202  0300 0304 0300 S06E64SFE       10                     LEAR3        10977 0712 6.9 00060
31403071202  0300 0304 0300 S06E64SFE       10                     LEAR3        10977 0712 6.9 00060
30 1 071202  0320 0325 0323 S06E64SFE       17                     LEAR3        10977 0712 6.9 00070
31403071202  0320 0325 0323 S06E64SFE       17                     LEAR3        10977 0712 6.9 00070
30 1 071202  0330 0341 0338 S06E64SFE       10                     LEAR3        10977 0712 6.9 00080
31403071202  0330 0341 0338 S06E64SFE       10                     LEAR3        10977 0712 6.9 00080
30 1 071202  0350 0355 0352 S06E64SFE       29                     LEAR3        10977 0712 7.0 00090
31403071202  0350 0355 0352 S06E64SFE       29                     LEAR3        10977 0712 7.0 00090
30 1 071202  0403 0411 0408 S06E63SFE       10                     LEAR3        10977 0712 6.9 00100
31403071202  0403 0411 0408 S06E63SFE       10                     LEAR3        10977 0712 6.9 00100
30 1 071202  1959 2017 2005 S07E66SFE       56                     HOLL3        10977 0712 7.8 00110
31649071202  1959 2017 2005 S07E66SFE       56                     HOLL3        10977 0712 7.8 00110
30 1 071202  2256 2300 2256 S07E65SFE       12                     LEAR3        10977 0712 7.8 00120
31403071202  2256 2300 2256 S07E65SFE       12                     LEAR3        10977 0712 7.8 00120
30 1 071204  0018 0022 0019 S06E39SFE       11                     LEAR3        10977 0712 6.9 00130
31403071204  0018 0022 0019 S06E39SFE       11                     LEAR3        10977 0712 6.9 00130
30 1 071205  0414 0423 0416 S04E22SFE       38                     LEAR3FU      10977 0712 6.8 00140
31403071205  0414 0423 0416 S04E22SFE       38                     LEAR3UF      10977 0712 6.8 00140
30 1 071205  2342 2344 2344 S10E76SFE       18                     LEAR3        10978 071211.7 00150
31403071205  2342 2344 2344 S10E76SFE       18                     LEAR3        10978 071211.7 00150
30 1 071205  2342 2347 2344 S10E76SFE       18                     LEAR3        10978 071211.7 00160
31403071205  2342 2347 2344 S10E76SFE       18                     LEAR3        10978 071211.7 00160
30 1 071206  0009 0019 0010 S11E76SFE       77                     LEAR3        10978 071211.7 00170
31403071206  0009 0019 0010 S11E76SFE       77                     LEAR3        10978 071211.7 00170
30 1 071206  0157 0159 0157 S12E80SFE       20                     LEAR3        10978 071212.1 00180
31403071206  0157 0159 0157 S12E80SFE       20                     LEAR3        10978 071212.1 00180
30 1 071206  0313 0320 0313 S11E78SFE       16                     LEAR3        10978 071212.0 00190
31403071206  0313 0320 0313 S11E78SFE       16                     LEAR3        10978 071212.0 00190
30 1 071206  0433 0439 0437 S12E79SFE       12                     LEAR3        10978 071212.1 00200
31403071206  0433 0439 0437 S12E79SFE       12                     LEAR3        10978 071212.1 00200
30 1 071206  0442 0450 0447 S10E76SFE       26                     LEAR3        10978 071211.9 00210
31403071206  0442 0450 0447 S10E76SFE       26                     LEAR3        10978 071211.9 00210
30 1 071206  0735 0740 0738 S12E76SFE       19                     LEAR3        10978 071212.0 00220
31403071206  0735 0740 0738 S12E76SFE       19                     LEAR3        10978 071212.0 00220
30 1 071206  2247 2251 2249 S10E67SFE       74                     LEAR3        10978 071212.0 00230
31403071206  2247 2251 2249 S10E67SFE       74                     LEAR3        10978 071212.0 00230
30 1 071206  2252 2257 2253 S10E671FE      105                     LEAR3        10978 071212.0 00240
31403071206  2252 2257 2253 S10E671FE      105                     LEAR3        10978 071212.0 00240
30 1 071206  2300 0234 2450 S10E662FE      431                     LEAR3        10978 071211.9 00250
31403071206  2300 0234 2450 S10E662FE      431                     LEAR3        10978 071211.9 00250
30 1 071207  0246      0252 S11E652FE      484                     LEAR3        10978 071212.0 00260
31403071207  0246      0252 S11E652FE      484                     LEAR3        10978 071212.0 00260
30 1 071207  0246 0458 0259 S11E662FE      463                     LEAR3        10978 071212.1 00270
31403071207  0246 0458 0259 S11E662FE      463                     LEAR3        10978 071212.1 00270
30 1 071207  0436 0501 0439 S05W06SFE       70                     LEAR3U       10977 0712 6.7 00280
31403071207  0436 0501 0439 S05W06SFE       70                     LEAR3U       10977 0712 6.7 00280
30 1 071207  0541 0555 0549 S10E63SFE       18                     LEAR3        10978 071212.0 00290
31403071207  0541 0555 0549 S10E63SFE       18                     LEAR3        10978 071212.0 00290
30 1 071207  0620 0634 0621 S10E63SFE       50                     LEAR3        10978 071212.0 00300
31403071207  0620 0634 0621 S10E63SFE       50                     LEAR3        10978 071212.0 00300
30 1 071207  0605 0611 0608 S10E63SFE       31                     LEAR3        10978 071212.0 00310
31403071207  0605 0611 0608 S10E63SFE       31                     LEAR3        10978 071212.0 00310
30 1 071207  0612 0615 0612 S10E63SFE       59                     LEAR3        10978 071212.0 00320
31403071207  0612 0615 0612 S10E63SFE       59                     LEAR3        10978 071212.0 00320
30 1 071207  0635 0655 0650 S10E63SFE       29                     LEAR3        10978 071212.0 00330
31403071207  0635 0655 0650 S10E63SFE       29                     LEAR3        10978 071212.0 00330
30 1 071207  0706 0710 0708 S10E63SFE       13                     LEAR3        10978 071212.0 00340
31403071207  0706 0710 0708 S10E63SFE       13                     LEAR3        10978 071212.0 00340
30 1 071207  0745 0749 0745 S10E62SFE       10                     LEAR3        10978 071212.0 00350
31403071207  0745 0749 0745 S10E62SFE       10                     LEAR3        10978 071212.0 00350
30 1 071207  0757 0801 0759 S10E62SFE       11                     LEAR3        10978 071212.0 00360
31403071207  0757 0801 0759 S10E62SFE       11                     LEAR3        10978 071212.0 00360
30 1 071207  0841 0848 0843 S10E62SFE       14                     LEAR3        10978 071212.0 00370
31403071207  0841 0848 0843 S10E62SFE       14                     LEAR3        10978 071212.0 00370
30 1 071207  0848 0939 0918 S11E62SFE       50                     LEAR3        10978 071212.0 00380
31403071207  0848 0939 0918 S11E62SFE       50                     LEAR3        10978 071212.0 00380
30 1 071207  0941 1004 0945 S10E61SFE       64                     LEAR3        10978 071212.0 00390
31403071207  0941 1004 0945 S10E61SFE       64                     LEAR3        10978 071212.0 00390
30 1 071207  2220 2230 2225 S11E55SFE       16                     LEAR2        10978 071212.1 00400
31403071207  2220 2230 2225 S11E55SFE       16                     LEAR2        10978 071212.1 00400
30 1 071207  2243 2249 2244 S11E52SFE       47                     LEAR2        10978 071211.8 00410
31403071207  2243 2249 2244 S11E52SFE       47                     LEAR2        10978 071211.8 00410
30 1 071207  2349 2353 2349 S11E52SFE       16                     LEAR3        10978 071211.9 00420
31403071207  2349 2353 2349 S11E52SFE       16                     LEAR3        10978 071211.9 00420
30 1 071207  2356 2402 2358 S11E52SFE       25                     LEAR3        10978 071211.9 00430
31403071207  2356 2402 2358 S11E52SFE       25                     LEAR3        10978 071211.9 00430
30 1 071208  0012 0016 0012 S11E51SFE       22                     LEAR3        10978 071211.8 00440
31403071208  0012 0016 0012 S11E51SFE       22                     LEAR3        10978 071211.8 00440
30 1 071208  0035 0042 0039 S11E51SFE       61                     LEAR3        10978 071211.9 00450
31403071208  0035 0042 0039 S11E51SFE       61                     LEAR3        10978 071211.9 00450
30 1 071208  0044 0100 0058 S11E51SFE       74                     LEAR3        10978 071211.9 00460
31403071208  0044 0100 0058 S11E51SFE       74                     LEAR3        10978 071211.9 00460
30 1 071208  0108 0128 0117 S11E51SFE       35                     LEAR3        10978 071211.9 00470
31403071208  0108 0128 0117 S11E51SFE       35                     LEAR3        10978 071211.9 00470
30 1 071208  0129 0135 0133 S11E51SFE       39                     LEAR3        10978 071211.9 00480
31403071208  0129 0135 0133 S11E51SFE       39                     LEAR3        10978 071211.9 00480
30 1 071208  0136 0210 0201 S11E50SFE       45                     LEAR3        10978 071211.8 00490
31403071208  0136 0210 0201 S11E50SFE       45                     LEAR3        10978 071211.8 00490
30 1 071208  0210 0250 0216 S11E50SFE       54                     LEAR3        10978 071211.8 00500
31403071208  0210 0250 0216 S11E50SFE       54                     LEAR3        10978 071211.8 00500
30 1 071208  0327 0332 0330 N07W55SFE       61                     LEAR3        10979 0712 4.0 00510
31403071208  0327 0332 0330 N07W55SFE       61                     LEAR3        10979 0712 4.0 00510
30 1 071208  0333 0336 0334 N07W55SFE       59                     LEAR3        10979 0712 4.0 00520
31403071208  0333 0336 0334 N07W55SFE       59                     LEAR3        10979 0712 4.0 00520
30 1 071208  0340 0347 0342 N07W56SFE       70                     LEAR3        10979 0712 3.9 00530
31403071208  0340 0347 0342 N07W56SFE       70                     LEAR3        10979 0712 3.9 00530
30 1 071208  0328 0334 0330 S11E50SFE       42                     LEAR3        10978 071211.9 00540
31403071208  0328 0334 0330 S11E50SFE       42                     LEAR3        10978 071211.9 00540
30 1 071208  0340 0347 0343 S11E50SFE       41                     LEAR3        10978 071211.9 00550
31403071208  0340 0347 0343 S11E50SFE       41                     LEAR3        10978 071211.9 00550
30 1 071208  0359 0414 0403 N07W55SFE       91                     LEAR3        10979 0712 4.0 00560
31403071208  0359 0414 0403 N07W55SFE       91                     LEAR3        10979 0712 4.0 00560
30 1 071208  0431 0434 0433 N07W56SFE       13                     LEAR3        10979 0712 4.0 00570
31403071208  0431 0434 0433 N07W56SFE       13                     LEAR3        10979 0712 4.0 00570
30 1 071208  0615 0618 0615 N08W58SFE       10                     LEAR3        10979 0712 3.9 00580
31403071208  0615 0618 0615 N08W58SFE       10                     LEAR3        10979 0712 3.9 00580
30 1 071208  0637 0642 0638 N07W58SFE       27                     LEAR3        10979 0712 3.9 00590
31403071208  0637 0642 0638 N07W58SFE       27                     LEAR3        10979 0712 3.9 00590
30 1 071208  0740 0744 0740 N07W58SFE       25                     LEAR3        10979 0712 4.0 00600
31403071208  0740 0744 0740 N07W58SFE       25                     LEAR3        10979 0712 4.0 00600
30 1 071208  0802 0823 0819 N07W59SFE       16                     LEAR3        10979 0712 3.9 00610
31403071208  0802 0823 0819 N07W59SFE       16                     LEAR3        10979 0712 3.9 00610
30 1 071208  0850 0854 0851 N07W59SFE       17                     LEAR3        10979 0712 3.9 00620
31403071208  0850 0854 0851 N07W59SFE       17                     LEAR3        10979 0712 3.9 00620
30 1 071208  0850 0853 0851 S11E49SFE       22                     LEAR3        10978 071212.0 00630
31403071208  0850 0853 0851 S11E49SFE       22                     LEAR3        10978 071212.0 00630
30 1 071209  0145 0158 0148 S10E40SFE       15                     LEAR3        10978 071212.1 00640
31403071209  0145 0158 0148 S10E40SFE       15                     LEAR3        10978 071212.1 00640
30 1 071209  0229 0245 0235 S11E33SFE       23                     LEAR3        10978 071211.6 00650
31403071209  0229 0245 0235 S11E33SFE       23                     LEAR3        10978 071211.6 00650
30 1 071209  0937 0949 0938 S11E34SFE       50                     LEAR3        10978 071211.9 00660
31403071209  0937 0949 0938 S11E34SFE       50                     LEAR3        10978 071211.9 00660
30 1 071209  0954 1008 1002 S11E35SFE       34                     LEAR3        10978 071212.0 00670
31403071209  0954 1008 1002 S11E35SFE       34                     LEAR3        10978 071212.0 00670
30 1 071209  1603 1621D1607US10E25SFE       38                     HOLL3        10978 071211.5 00680
31649071209  1603 1621D1607US10E25SFE       38                     HOLL3        10978 071211.5 00680
30 1 071209  1646E1714D1646US10E25SFE       11                     HOLL3        10978 071211.6 00690
31649071209  1646E1714D1646US10E25SFE       11                     HOLL3        10978 071211.6 00690
30 1 071209  2017 2034 2017 S10E23SFE       31                     HOLL3        10978 071211.6 00700
31649071209  2017 2034 2017 S10E23SFE       31                     HOLL3        10978 071211.6 00700
30 1 071210  0700 0716 0700 S09E21SFE       81                     LEAR4FU      10978 071211.9 00710
31403071210  0700 0716 0700 S09E21SFE       81                     LEAR4UF      10978 071211.9 00710
30 1 071210  0807E0830 0809 S10E22SFE                              KANZ2        10978 071212.0 00720
31547071210  0807E0830 0809 S10E22SFE                              KANZ2        10978 071212.0 00720
30 2 071210  083810846 0840 S10E22SF        22                          FU      10978 071212.0 00730
31403071210  0838 0846 0840 S09E21SFE       22                     LEAR3UF      10978 071211.9 00730
31547071210  0839 0845 0840 S11E22SFE                              KANZ2        10978 071212.0 00730
30 1 071211  0248 0256 0251 S10E06SFE       43                     LEAR3        10978 071211.6 00740
31403071211  0248 0256 0251 S10E06SFE       43                     LEAR3        10978 071211.6 00740
30 1 071211  0749 0753 0750 S08E09SFE       27                     LEAR3        10978 071212.0 00750
31403071211  0749 0753 0750 S08E09SFE       27                     LEAR3        10978 071212.0 00750
30 1 071211  0910 0915 0912 S06E08SFE       24                     LEAR3E       10978 071212.0 00760
31403071211  0910 0915 0912 S06E08SFE       24                     LEAR3E       10978 071212.0 00760
30 2 071211  092610942 0928 S06E101F       124                          F       10978 071212.1 00770
31547071211  0926 0950 0928US06E10SFE                              KANZ2        10978 071212.1 00770
31403071211  0927 0934 0928 S06E091FE      124                     LEAR4F       10978 071212.1 00770
30 2 071211  093831005 0938*S07E08SF        43                          F       10978 071212.0 00780
31547071211  0938 0950U0938 S07E09SFE                              KANZ2        10978 071212.1 00780
31403071211  0941 1005 0950 S07E08SFE       43                     LEAR3F       10978 071212.0 00780
30 1 071211  2335 2340 2337 S10E012FE      331                     LEAR3E       10978 071212.0 00790
31403071211  2335 2340 2337 S10E012FE      331                     LEAR3E       10978 071212.0 00790
30 1 071211  2345 2403 2349 S07E01SFE       21                     LEAR3        10978 071212.1 00800
31403071211  2345 2403 2349 S07E01SFE       21                     LEAR3        10978 071212.1 00800
30 1 071212  0539 0541 0540 S10W09SFE       19                     LEAR3        10978 071211.5 00810
31403071212  0539 0541 0540 S10W09SFE       19                     LEAR3        10978 071211.5 00810
30 1 071212  1015 1023 1016 S13W09SFE       27                     LEAR3        10978 071211.7 00820
31403071212  1015 1023 1016 S13W09SFE       27                     LEAR3        10978 071211.7 00820
30 1 071212  1806 1812 1806 S09W10SFE       11                     HOLL3        10978 071212.0 00830
31649071212  1806 1812 1806 S09W10SFE       11                     HOLL3        10978 071212.0 00830
30 1 071212  1901 1923 1905 S12W12SFE       19                     HOLL3        10978 071211.9 00840
31649071212  1901 1923 1905 S12W12SFE       19                     HOLL3        10978 071211.9 00840
30 1 071212  2223 2317 2254 S11W15SFE       83                     LEAR3        10978 071211.8 00850
31403071212  2223 2317 2254 S11W15SFE       83                     LEAR3        10978 071211.8 00850
30 1 071212  2229 2235 2230 S08W12SFE       17                     HOLL3        10978 071212.0 00860
31649071212  2229 2235 2230 S08W12SFE       17                     HOLL3        10978 071212.0 00860
30 1 071213  0048 0056 0050 S09W142FE      432                     LEAR3        10978 071212.0 00870
31403071213  0048 0056 0050 S09W142FE      432                     LEAR3        10978 071212.0 00870
30 1 071213  0048 0056 0050 S09W14SFE       60                     LEAR3        10978 071212.0 00880
31403071213  0048 0056 0050 S09W14SFE       60                     LEAR3        10978 071212.0 00880
30 1 071213  0102 0111 0105 S09W14SFE       63                     LEAR3        10978 071212.0 00890
31403071213  0102 0111 0105 S09W14SFE       63                     LEAR3        10978 071212.0 00890
30 1 071213  0142 0152 0143 S09W14SFE       70                     LEAR3        10978 071212.0 00900
31403071213  0142 0152 0143 S09W14SFE       70                     LEAR3        10978 071212.0 00900
30 1 071213  0359 0414 0401 S10W16SFE       88                     LEAR3        10978 071212.0 00910
31403071213  0359 0414 0401 S10W16SFE       88                     LEAR3        10978 071212.0 00910
30 1 071213  0437 0449 0441 S09W16SFE       30                     LEAR3        10978 071212.0 00920
31403071213  0437 0449 0441 S09W16SFE       30                     LEAR3        10978 071212.0 00920
30 1 071213  0507 0514 0510 S08W18SFE       27                     LEAR3        10978 071211.9 00930
31403071213  0507 0514 0510 S08W18SFE       27                     LEAR3        10978 071211.9 00930
30 1 071213  0515 0524 0516 S10W23SFE       16                     LEAR3        10978 071211.5 00940
31403071213  0515 0524 0516 S10W23SFE       16                     LEAR3        10978 071211.5 00940
30 1 071213  0533 0547 0537 S08W19SFE       23                     LEAR3        10978 071211.8 00950
31403071213  0533 0547 0537 S08W19SFE       23                     LEAR3        10978 071211.8 00950
30 1 071213  0559 0605 0600 S10W17SFE       40                     LEAR3        10978 071212.0 00960
31403071213  0559 0605 0600 S10W17SFE       40                     LEAR3        10978 071212.0 00960
30 1 071213  0842 0849 0842 S11W18SFE       15                     LEAR3        10978 071212.0 00970
31403071213  0842 0849 0842 S11W18SFE       15                     LEAR3        10978 071212.0 00970
30 1 071213  0931 0933 0931 S08W20SFE       14                     LEAR3        10978 071211.9 00980
31403071213  0931 0933 0931 S08W20SFE       14                     LEAR3        10978 071211.9 00980
30 3 071213  094641023 0951*S08W201F        76                          F       10978 071211.9 00990
31403071213  0946 1023 0951 S07W211FE      100                     LEAR3F       10978 071211.8 00990
31526071213  0950 1018 1001 S08W20SFE       53                     SVTO3F       10978 071211.9 00990
31547071213  1001E1028 1001ES08W191FE                              KANZ2        10978 071212.0 00990
30 1 071213  2157 2300D2200 S07W25SFE       64                     HOLL3F       10978 071212.0 01000
31649071213  2157 2300D2200 S07W25SFE       64                     HOLL3F       10978 071212.0 01000
30 1 071214  0139 0144 0141 S10W29SFE       46                     LEAR3        10978 071211.9 01010
31403071214  0139 0144 0141 S10W29SFE       46                     LEAR3        10978 071211.9 01010
30 2 071214  0747*0909 08301S07W32SF        71                                  10978 071211.9 01020
31547071214  0747 0902D0830 S07W31SFE                              KANZ2        10978 071212.0 01020
31403071214  0812 0909 0831 S07W32SFE       71                     LEAR3        10978 071211.9 01020
30 1 071214  0751 0811 0759 S07W32SFE       20                     LEAR3        10978 071211.9 01030
31403071214  0751 0811 0759 S07W32SFE       20                     LEAR3        10978 071211.9 01030
30 1 071214  1516 1612 1525 S10W42SFE       60                     HOLL3F       10978 071211.5 01040
31649071214  1516 1612 1525 S10W42SFE       60                     HOLL3F       10978 071211.5 01040
30 1 071217  0712 0730 0714 S09W75SFE       25                     LEAR2EF      10978 071211.7 01050
31403071217  0712 0730 0714 S09W75SFE       25                     LEAR2FE      10978 071211.7 01050
30 1 071217  0730 0739 0731 S10W78SFE       31                     LEAR2EF      10978 071211.4 01060
31403071217  0730 0739 0731 S10W78SFE       31                     LEAR2FE      10978 071211.4 01060
30 1 071218  1524 1529 1524 S06W90SFE       32                     HOLL3        10978 071211.9 01070
31649071218  1524 1529 1524 S06W90SFE       32                     HOLL3        10978 071211.9 01070


