30 1 080101  1536 1542 1536 S09E72SFE       65                     HOLL3EF      10980 0801 7.0 00010
31649080101  1536 1542 1536 S09E72SFE       65                     HOLL3FE      10980 0801 7.0 00010*  21=0980                   
30 1 080107  1530E1616D1530US08W02SFE       45                     HOLL3        10980 0801 7.5 00020
31649080107  1530E1616D1530US08W02SFE       45                     HOLL3        10980 0801 7.5 00020*  12=0980 +48=0981A         
30 1 080201  0000 0002 0003 S09E72SFE       65                     HOLL3EF      10980 0802 6.4 00000
31649080201  0000 0002 0003 S09E72SFE       65                     HOLL3FE      10980 0802 6.4      
30 1 080311  0334 0352 0341 S10W83SFE       49                     LEAR3        10985 0803 4.9 00010
31403080311  0334 0352 0341 S10W83SFE       49                     LEAR3        10985 0803 4.9 00010*?-21=0984A                  
30 1 080311  0446 0459 0453 S10W84SFE       67                     LEAR3F       10985 0803 4.9 00020
31403080311  0446 0459 0453 S10W84SFE       67                     LEAR3F       10985 0803 4.9 00020*?-21=0984A                  
30 1 080311  0553 0614 0558 S10W85SFE       50                     LEAR3        10985 0803 4.8 00030
31403080311  0553 0614 0558 S10W85SFE       50                     LEAR3        10985 0803 4.8 00030*?-18=0984A                  
30 1 080323  2345 2350 2346 S09E50SFE       11                     LEAR3        10987 080327.7 00040
31403080323  2345 2350 2346 S09E50SFE       11                     LEAR3        10987 080327.7 00040*   9=0987                   
30 1 080324  0108 0110 0109 S08E49SFE       18                     LEAR3        10987 080327.7 00050
31403080324  0108 0110 0109 S08E49SFE       18                     LEAR3        10987 080327.7 00050*   3=0987                   
30 1 080324  0241 0257 0248 S08E46SFE       20                     LEAR4F       10987 080327.6 00060
31403080324  0241 0257 0248 S08E46SFE       20                     LEAR4F       10987 080327.6 00060*   0=0987                   
30 1 080324  0344 0351 0345 S11E72SFE       11                     LEAR3         0988 080329.6 00070
31403080324  0344 0351 0345 S11E72SFE       11                     LEAR3        10988 080329.6 00070*  21=0988  33=0988          
30 1 080324  1410E1435 1411 S11E66SFE       36                     HOLL3         0988 080329.5 00080
31649080324  1410E1435 1411 S11E66SFE       36                     HOLL3        10988 080329.5 00080*  18=0988  30=0988          
30 1 080325  1846 1922 1855 S13E781FE      117                     HOLL3F       10989 080331.7 00090
31649080325  1846 1922 1855 S13E781FE      117                     HOLL3F       10989 080331.7 00090*  18=0989 +24=0989          
30 1 080326  2118 2138 2126 S09E32SFE       30                     HOLL3FH      10988 080329.3 00100
31649080326  2118 2138 2126 S09E32SFE       30                     HOLL3FH      10988 080329.3 00100*  12=0988  12=0988          
30 1 080327  1634 1641 1635 S10E01SFE       10                     HOLL3        10987 080327.8 00110
31649080327  1634 1641 1635 S10E01SFE       10                     HOLL3        10987 080327.8 00110*  18=0987  24=0987          
30 1 080331  0532 0542 0532 S11W22SFE       22                     LEAR3        10988 080329.6 00120
31403080331  0532 0542 0532 S11W22SFE       22                     LEAR3        10988 080329.6 00120*  21=0988  33=0988          
30 1 080403  1555 1609 1556 S12W36SFE       33                     HOLL4H       10989 080331.9 00010
31649080403  1555 1609 1556 S12W36SFE       33                     HOLL4H       10989 080331.9 00010*?                           
30 1 080403  2023 2028 2023 S08W42SFE       22                     HOLL3        10989 080331.7 00020
31649080403  2023 2028 2023 S08W42SFE       22                     HOLL3        10989 080331.7 00020*?                           
30 1 080404  1810 1815 1810 S08W54SFE       36                     HOLL3E       10989 080331.7 00030
31649080404  1810 1815 1810 S08W54SFE       36                     HOLL3E       10989 080331.7 00030*?                           
30 2 080426  135621425 1400 N08E09SF        26                          F             080427.2 00040
31547080426  1356 1401D1400UN09E09SFE                              KANZ2              080427.2 00040*                            
31649080426  1358 1425 1400 N08E09SFE       26                     HOLL3F             080427.2 00040*                            
30 1 081102  1504 1511 1505 N35W19SFE       16                     HOLL3FH      11007 0811 1.1 00010
31649081102  1504 1511 1505 N35W19SFE       16                     HOLL3FH      11007 0811 1.1 00010*   3=1007                   
30 1 081102  2015 2020 2016 N36W29SFE       27                     HOLL3E       11007 081031.5 00020
31649081102  2015 2020 2016 N36W29SFE       27                     HOLL3E       11007 081031.5 00020*  27=1007                   
30 1 081103  1116 1122 1119 N36W28SFE                              KANZ2        11007 0811 1.2 00030
31547081103  1116 1122 1119 N36W28SFE                              KANZ2        11007 0811 1.2 00030*   6=1007                   
30 1 081103  2248 2302 2249 N37W42SFE       13                     HOLL3EF      11007 081031.6 00040
31649081103  2248 2302 2249 N37W42SFE       13                     HOLL3FE      11007 081031.6 00040*  30=1007                   
30 1 081104  0326 0332 0329 N35W38SFE       28                     LEAR3        11007 0811 1.1 00050
31403081104  0326 0332 0329 N35W38SFE       28                     LEAR3        11007 0811 1.1 00050*   3=1007                   
30 1 081105  1254 1256 1254 N36W54SFE                              KANZ2        11007 0811 1.2 00060
31547081105  1254 1256 1254 N36W54SFE                              KANZ2        11007 0811 1.2 00060*   6=1007                   
