30 1 090704  0208 0213 0212 S27E15SFE       60                     LEAR3H       11024 0907 5.2 00010
31403090704  0208 0213 0212 S27E15SFE       60                     LEAR3H       11024 0907 5.2 00010
30 1 090704  0437 0442 0438 S26E11SFE       13                     LEAR3H       11024 0907 5.0 00020
31403090704  0437 0442 0438 S26E11SFE       13                     LEAR3H       11024 0907 5.0 00020
30 1 090704  1509 1516D1511 S27E06SFE       33                     HOLL3FS      11024 0907 5.1 00030
31649090704  1509 1516D1511 S27E06SFE       33                     HOLL3FS      11024 0907 5.1 00030
30 2 090705  071010720 0713 S26W02SF        30                                  11024 0907 5.1 00040
31547090705  0710 0720 0713 S25W02SFE                              KANZ2        11024 0907 5.1 00040
31403090705  0711 0721 0713 S27W02SFE       30                     LEAR3        11024 0907 5.1 00040
30 1 090706  1703 1725 1704 S25W23SFE       49                     HOLL3FH      11024 0907 4.9 00050
31649090706  1703 1725 1704 S25W23SFE       49                     HOLL3FH      11024 0907 4.9 00050
30 1 090707  1707 1710 1708 S25W37SFE       16                     HOLL3H       11024 0907 4.8 00060
31649090707  1707 1710 1708 S25W37SFE       16                     HOLL3H       11024 0907 4.8 00060
30 1 090924  2345 2401 2353 S32E28SFE       25                     HOLL4EF      11026 090927.2 00010
31649090924  2345 0001 2353 S32E28SFE       25                     HOLL4FE      11026 090927.2 00010
30 1 091026  1842 1943 1903 N16W29SFE       44                     HOLL3FH      11029 091024.6 00010
31649091026  1842 1943 1903 N16W29SFE       44                     HOLL3FH      11029 091024.6 00010
30 1 091026  1952 1959 1955 N16W30SFE       16                     HOLL3F       11029 091024.5 00020
31649091026  1952 1959 1955 N16W30SFE       16                     HOLL3F       11029 091024.5 00020
30 1 091026  2241 2300 2250 N16W30SFE       85                     HOLL3FH      11029 091024.7 00030
31649091026  2241 2300 2250 N16W30SFE       85                     HOLL3FH      11029 091024.7 00030
30 2 091026  2332 2339 2333 N16W30SF        51                          F       11029 091024.7 00040
31403091026  2332 2339 2333 N16W31SFE       48                     LEAR3        11029 091024.6 00040
31649091026  2332 2339 2333 N15W28SFE       54                     HOLL3F       11029 091024.9 00040
30 1 091027  0723 0729 0725 N15W34SFE       13                     LEAR3E       11029 091024.7 00050
31403091027  0723 0729 0725 N15W34SFE       13                     LEAR3E       11029 091024.7 00050
30 1 091027  1725 1730 1726 N14W40SFE       17                     HOLL3        11029 091024.7 00060
31649091027  1725 1730 1726 N14W40SFE       17                     HOLL3        11029 091024.7 00060
30 1 091027  1905 1909 1906 N18W45SFE       15                     HOLL3H       11029 091024.4 00070
31649091027  1905 1909 1906 N18W45SFE       15                     HOLL3H       11029 091024.4 00070
30 1 091028  0050 0059 0052 N19W47SFE       83                     LEAR3H       11029 091024.4 00080
31403091028  0050 0059 0052 N19W47SFE       83                     LEAR3H       11029 091024.4 00080
30 1 091210  1057E1057D1057UN19E64SFE                              KANZ2        11034 091215.3 00010
31547091210  1057E1057D1057UN19E64SFE                              KANZ2        11034 091215.3 00010
30 1 091214  1815 1817 1816 N29E11SFE       17                     HOLL3FH      11035 091215.6 00020
31649091214  1815 1817 1816 N29E11SFE       17                     HOLL3FH      11035 091215.6 00020
30 1 091216  0115 0143 0121 N30W06SFE       57                     LEAR3F       11035 091215.6 00030
31403091216  0115 0143 0121 N30W06SFE       57                     LEAR3F       11035 091215.6 00030
30 1 091216  0837 0840 0837 N31W09SFE       26                     LEAR3        11035 091215.6 00040
31403091216  0837 0840 0837 N31W09SFE       26                     LEAR3        11035 091215.6 00040
30 1 091216  2135 2205 2144 N29W17SFE       18                     HOLL3FH      11035 091215.6 00050
31649091216  2135 2205 2144 N29W17SFE       18                     HOLL3FH      11035 091215.6 00050
30 1 091217  1512 1516 1512 N28W28SFE       18                     HOLL3F       11035 091215.4 00060
31649091217  1512 1516 1512 N28W28SFE       18                     HOLL3F       11035 091215.4 00060
30 1 091219  0014 0019 0014 N30W46SFE       19                     LEAR2        11035 091215.4 00070
31403091219  0014 0019 0014 N30W46SFE       19                     LEAR2        11035 091215.4 00070
30 1 091219  0151 0158 0153 N31W45SFE       26                     LEAR3        11035 091215.5 00080
31403091219  0151 0158 0153 N31W45SFE       26                     LEAR3        11035 091215.5 00080
30 1 091221  0916 0934U0926US27W38SFE                              KANZ2        11036 091218.4 00090
31547091221  0916 0934U0926US27W38SFE                              KANZ2        11036 091218.4 00090
30 1 091222  0454 0507 0457 S26W46SFE       54                     LEAR3        11036 091218.6 00100
31403091222  0454 0507 0457 S26W46SFE       54                     LEAR3        11036 091218.6 00100
30 1 091222  0750 0801 0757 S27W47SFE       14                     LEAR3        11036 091218.7 00110
31403091222  0750 0801 0757 S27W47SFE       14                     LEAR3        11036 091218.7 00110
30 1 091223  0346 0352 0348 N16W55SFE       51                     LEAR3        11038 091219.0 00120
31403091223  0346 0352 0348 N16W55SFE       51                     LEAR3        11038 091219.0 00120
30 1 091223  0355 0358 0355 N16W56SFE       14                     LEAR3        11038 091218.9 00130
31403091223  0355 0358 0355 N16W56SFE       14                     LEAR3        11038 091218.9 00130
30 3 091223  1017 1024 10181S27W61SF        40                                  11036 091218.7 00140
31403091223  1017 1024     US28W61SFE       37                     LEAR1        11036 091218.7 00140
31547091223  1017E1022U1018 S26W60SFE                              KANZ2        11036 091218.8 00140
31526091223  1017 1023 1019 S28W61SFE       43                     SVTO3        11036 091218.7 00140
30 1 091225  2321 2331 2326 S28E55SFE       16                     HOLL3F       11039 091230.3 00150
31649091225  2321 2331 2326 S28E55SFE       16                     HOLL3F       11039 091230.3 00150
